0 6 0 2 0 8 7 4 6 1 3 1 6 2 8 0 6 5 0 6
6 0 4 8 7 3 2 3 1 4 3 4 5 0 4 1 8 2 6 8
8 1 0 6 0 8 0 3 3 4 7 3 7 8 5 7 3 0 8 3
4 7 7 0 2 1 0 0 4 2 0 3 3 0 3 5 4 6 8 8
4 0 5 4 0 1 7 4 6 5 1 0 2 8 0 0 3 1 8 7
4 6 8 2 3 0 2 7 3 5 1 1 2 7 1 8 4 7 3 4
0 0 4 5 4 8 0 1 3 6 8 3 6 4 5 7 0 2 0 4
7 3 4 0 8 6 6 0 0 7 1 4 1 8 7 8 2 8 5 7
4 8 4 6 2 8 0 5 0 8 1 4 8 3 8 0 0 7 0 2
5 4 2 4 5 0 6 7 5 0 8 7 0 7 8 3 3 8 2 8
2 2 6 2 2 6 4 6 0 0 0 8 6 7 8 2 5 5 1 6
7 2 0 8 7 7 4 7 0 1 3 0 8 5 2 4 6 3 5 3
5 0 1 5 8 6 7 3 6 2 2 8 0 0 6 5 0 7 5 0
1 4 1 2 8 3 2 4 4 0 2 6 1 0 7 3 4 2 0 2
5 3 6 4 7 7 0 2 2 4 2 0 0 2 0 3 0 0 5 7
7 7 0 0 6 4 8 2 4 0 8 5 6 0 1 0 3 2 5 3
2 0 6 7 5 1 4 4 2 8 7 5 8 3 6 3 0 7 0 0
2 6 5 5 5 3 6 7 6 7 4 3 2 1 4 7 1 0 6 6
3 7 6 1 2 4 1 6 3 7 6 1 6 3 7 1 3 7 0 0
6 3 7 3 1 6 5 7 1 2 0 1 7 5 7 5 2 7 0 0
